crossing time (s)	slope (V/s)	crossing number
5795.036563	106.927820	4977
5796.092130	113.170203	4978
5797.128560	107.920295	4979
5798.149975	111.287476	4980
5799.195431	106.039151	4981
5800.228633	109.643135	4982
5801.273901	108.886166	4983
5802.287976	110.633753	4984
5803.343664	108.536439	4985
5804.375021	104.663389	4986
5805.401757	109.555099	4987
5806.434390	103.774245	4988
5807.465958	109.552007	4989
5808.511818	100.760244	4990
5809.521912	108.840249	4991
5810.577570	105.370878	4992
5811.599867	106.456082	4993
5812.644228	108.455206	4994
5813.675146	101.355962	4995
5814.718599	106.855456	4996
5815.749204	100.577133	4997
5816.786566	107.169896	4998
5817.834363	102.602493	4999
5818.855666	103.753946	5000
5819.892261	105.657966	5001
5820.923005	102.677677	5002
5821.959826	109.708829	5003
5822.995825	100.887616	5004
5824.023443	107.091190	5005
5825.065247	100.413329	5006
5826.091232	105.693872	5007
5827.132591	99.898755	5008
5828.155391	105.671974	5009
5829.204989	101.149882	5010
5830.223555	105.123675	5011
5831.275374	99.626583	5012
5832.286647	104.235626	5013
5833.347409	99.018926	5014
5834.268688	104.992478	5015
5835.406390	97.910415	5016
5836.441399	103.730735	5017
5837.474469	99.561546	5018
5838.502516	103.662159	5019
5839.539938	100.577790	5020
5840.572910	103.106969	5021
5841.600889	101.496883	5022
5842.641043	99.488144	5023
5843.670042	101.670399	5024
5844.723325	98.452930	5025
5845.755269	102.233795	5026
5846.789118	96.669377	5027
5847.818268	101.808672	5028
5848.842735	99.629714	5029
5849.900330	100.454763	5030
5850.934582	96.159356	5031
5851.968521	98.785911	5032
5852.988288	100.836264	5033
5854.032547	97.487720	5034
5855.052489	101.162221	5035
5856.087268	97.064876	5036
5857.118409	100.780540	5037
5858.157413	97.336956	5038
5859.194799	101.062722	5039
5860.221479	98.710701	5040
5861.261398	100.674463	5041
5862.285023	97.655541	5042
5863.343863	98.929031	5043
5864.357367	97.786391	5044
5865.409035	98.109538	5045
5866.424242	97.512243	5046
5867.473612	97.193899	5047
5868.497723	97.783370	5048
5869.549960	97.220917	5049
5870.563682	97.583981	5050
5871.600363	98.903645	5051
5872.632956	96.398274	5052
5873.680930	99.400770	5053
5874.712161	95.576536	5054
5875.755775	98.593974	5055
5876.772944	93.584898	5056
5877.814149	99.992141	5057
5878.844931	92.621098	5058
5879.877225	98.812130	5059
5880.924364	93.614993	5060
5881.952175	98.702249	5061
5882.994677	94.972921	5062
5884.012022	95.365005	5063
5885.065378	96.458193	5064
5886.080256	93.534405	5065
5887.128417	97.281913	5066
5888.149830	92.262688	5067
5889.197601	98.188114	5068
5890.226337	91.993853	5069
5891.251932	97.781709	5070
5892.302306	92.851085	5071
5893.310836	95.769674	5072
5894.372276	93.705155	5073
5895.379447	94.771364	5074
5896.429307	95.899954	5075
5897.455901	93.161349	5076
5898.506616	96.506850	5077
5899.533621	91.841794	5078
5900.567829	96.527636	5079
5901.596340	90.954101	5080
5902.632609	95.700554	5081
5903.671795	90.504898	5082
5904.698140	95.154027	5083
5905.736121	91.716853	5084
5906.768479	95.533075	5085
5907.805063	91.520863	5086
5908.844542	94.600296	5087
5909.874346	91.017438	5088
5910.917223	93.959519	5089
5911.936657	91.039100	5090
5912.984298	92.864001	5091
5914.001940	92.844231	5092
5915.049150	91.984297	5093
5916.072156	93.957960	5094
5917.116627	91.874661	5095
5918.161662	95.353086	5096
5919.187288	89.527678	5097
5920.221897	93.430895	5098
5921.242781	89.439314	5099
5922.289674	93.363473	5100
5923.309577	90.260488	5101
5924.363887	95.118952	5102
5925.415188	89.376372	5103
5926.432842	92.200846	5104
5927.439612	91.227404	5105
5928.506430	88.659511	5106
5929.517984	92.544439	5107
5930.557715	88.441690	5108
5931.586607	92.387205	5109
5932.625988	88.490451	5110
5933.651205	93.009841	5111
5934.693643	87.619187	5112
5935.728949	92.023983	5113
5936.763874	87.885546	5114
5937.801343	92.003612	5115
5938.816026	87.972906	5116
5939.870888	91.738395	5117
5940.896228	86.680307	5118
5941.929352	91.325616	5119
5942.958082	86.669055	5120
5944.001748	90.636000	5121
5945.032082	86.806323	5122
5946.064986	90.972018	5123
5947.099977	86.591870	5124
5948.140397	91.213018	5125
5949.174745	84.257230	5126
5950.198197	90.458113	5127
5951.243472	85.516954	5128
5952.269982	90.309387	5129
5953.316799	85.230604	5130
5954.330966	89.040591	5131
5955.376527	86.241293	5132
5956.394302	88.638552	5133
5957.469080	88.053753	5134
5958.458851	88.804031	5135
5959.516342	88.888612	5136
5960.526792	84.794558	5137
5961.574799	88.971154	5138
5962.601224	84.136258	5139
5963.659681	89.574584	5140
5964.680232	83.849632	5141
5965.718787	89.315961	5142
5966.751739	84.876906	5143
5967.782669	89.010844	5144
5968.827533	85.986326	5145
5969.846968	87.950783	5146
5970.899242	86.973051	5147
5971.916945	86.096879	5148
5972.960283	86.959152	5149
5973.977694	84.921654	5150
5975.018961	85.636377	5151
5976.050853	84.233135	5152
5977.101481	87.763504	5153
5978.117310	84.694156	5154
5979.167083	87.777450	5155
5980.180143	84.650655	5156
5981.236758	86.239337	5157
5982.257216	83.865875	5158
5983.294142	86.750217	5159
5984.321933	84.965978	5160
5985.365599	85.409814	5161
5986.385102	84.870403	5162
5987.436139	84.865232	5163
5988.453615	85.313534	5164
5989.501355	84.263243	5165
5990.520785	86.545529	5166
5991.570430	83.976652	5167
5992.595765	86.500855	5168
5993.650663	82.404240	5169
5994.675948	85.676872	5170
5995.701563	83.279754	5171
5996.735218	83.712732	5172
5997.765438	83.382186	5173
5998.817068	85.447185	5174
5999.814410	82.004249	5175
6000.884052	83.911079	5176
6001.874509	83.518968	5177
6002.948384	83.631766	5178
6003.952796	83.717146	5179
6005.013317	83.403948	5180
6006.036055	83.598182	5181
6007.086894	82.120055	5182
6008.098985	84.811687	5183
6009.159322	81.207299	5184
6010.167506	84.541618	5185
6011.210897	80.955800	5186
6012.233510	83.844974	5187
6013.277145	80.832709	5188
6014.316275	84.603934	5189
6015.355845	80.896534	5190
6016.371747	84.409858	5191
6017.420539	80.582665	5192
6018.437822	83.191474	5193
6019.470497	79.125279	5194
6020.509473	84.241720	5195
6021.558774	79.921149	5196
6022.569395	83.090738	5197
6023.626188	79.790594	5198
6024.643997	82.162428	5199
6025.689648	80.001753	5200
6026.713626	81.785774	5201
6027.763539	80.418094	5202
6028.768481	81.132094	5203
6029.836923	80.642800	5204
6030.841310	80.596162	5205
6031.894748	80.992369	5206
6032.912784	78.946003	5207
6033.964835	82.303497	5208
6034.974989	79.049920	5209
6036.030323	82.136848	5210
6037.045860	78.993367	5211
6038.096221	81.950091	5212
6039.122929	77.521288	5213
6040.160575	82.729290	5214
6041.199323	77.971247	5215
6042.217785	81.025550	5216
6043.259734	78.304145	5217
6044.294043	81.213719	5218
6045.335636	78.646381	5219
6046.348636	80.579678	5220
6047.399248	78.649218	5221
6048.423365	79.408156	5222
6049.468225	80.174645	5223
6050.491418	78.588070	5224
6051.536677	79.234877	5225
6052.560167	78.674456	5226
6053.613755	79.207229	5227
6054.632174	78.176630	5228
6055.681095	78.622294	5229
6056.690280	77.880794	5230
6057.756256	80.533732	5231
6058.760045	79.850064	5232
6059.801149	80.038194	5233
6060.830457	78.987731	5234
6061.877379	77.173297	5235
6062.896681	78.781839	5236
6063.938458	75.755522	5237
6064.969906	79.709789	5238
6066.015051	77.479499	5239
6067.037161	79.380811	5240
6068.076686	76.450610	5241
6069.106353	79.253223	5242
6070.147355	76.109262	5243
6071.181662	78.103083	5244
6072.206046	75.226541	5245
6073.253250	78.821832	5246
6074.268375	77.163973	5247
6075.325935	78.253596	5248
6076.329298	76.459800	5249
6077.399096	77.103062	5250
6078.402960	77.468440	5251
6079.463484	76.569620	5252
6080.464967	77.589116	5253
6081.521849	76.060134	5254
6082.541467	76.600262	5255
6083.591915	75.378519	5256
6084.600906	77.228970	5257
6085.664365	75.282228	5258
6086.673594	76.892358	5259
6087.722513	75.058529	5260
6088.740959	75.999516	5261
6089.787839	74.457643	5262
6090.804855	76.856329	5263
6091.855845	74.549365	5264
6092.871125	76.884484	5265
6093.928557	74.903247	5266
6094.945809	75.722151	5267
6096.005725	74.396629	5268
6097.002749	75.924272	5269
6098.068398	75.200278	5270
6099.068560	74.871899	5271
6100.139500	74.983117	5272
6101.137428	74.464878	5273
6102.209344	75.160406	5274
6103.198389	74.209684	5275
6104.273339	75.934071	5276
6105.279614	73.557898	5277
6106.339099	75.909921	5278
6107.353222	73.139497	5279
6108.395406	76.084004	5280
6109.426042	71.772455	5281
6110.463694	76.033862	5282
6111.485518	71.532833	5283
6112.524326	75.938207	5284
6113.563743	72.242381	5285
6114.593357	75.424499	5286
6115.630682	72.594619	5287
6116.662439	75.211572	5288
6117.705617	72.427975	5289
6118.717072	74.796072	5290
6119.763883	72.789333	5291
6120.797790	74.276669	5292
6121.834759	72.741870	5293
6122.858796	73.905598	5294
6123.913389	73.247057	5295
6124.920953	73.386795	5296
6125.972347	73.030711	5297
6126.987002	73.681883	5298
6128.036776	73.330713	5299
6129.057935	72.769490	5300
6130.114395	72.116635	5301
6131.132632	72.864376	5302
6132.175046	71.784434	5303
6133.200467	72.658880	5304
6134.243229	72.314731	5305
6135.263426	73.042985	5306
6136.311601	71.127612	5307
6137.331252	72.867787	5308
6138.384181	71.480055	5309
6139.408825	72.490187	5310
6140.439922	70.520626	5311
6141.474835	73.246183	5312
6142.503926	70.431419	5313
6143.540367	72.629400	5314
6144.578732	70.793779	5315
6145.611072	72.740949	5316
6146.631166	70.067713	5317
6147.684103	71.828264	5318
6148.697269	70.221253	5319
6149.753033	71.660112	5320
6150.767678	69.980393	5321
6151.824892	70.688978	5322
6152.828054	70.930138	5323
6153.887592	70.688730	5324
6154.901511	71.282023	5325
6155.958647	70.865534	5326
6156.960277	70.535815	5327
6158.017402	70.129120	5328
6159.040967	71.321517	5329
6160.086556	70.472270	5330
6161.106504	69.945145	5331
6162.157607	70.322983	5332
6163.187399	72.201219	5333
6164.222132	69.988972	5334
6165.242753	70.135479	5335
6166.305137	69.957892	5336
6167.303912	69.657828	5337
6168.360109	70.391852	5338
6169.379033	70.206865	5339
6170.428405	70.074472	5340
6171.438075	68.454151	5341
6172.508741	69.717945	5342
6173.505968	69.055207	5343
6174.567960	70.123307	5344
6175.573957	68.181603	5345
6176.637366	70.471388	5346
6177.652627	67.037954	5347
6178.693091	70.182186	5348
6179.712276	67.745946	5349
6180.760024	71.056509	5350
6181.787087	66.751872	5351
6182.819959	70.154631	5352
6183.859480	67.567084	5353
6184.881040	70.079470	5354
6185.931202	67.347837	5355
6186.950690	69.019436	5356
6187.997013	66.891476	5357
6189.015586	68.650234	5358
6190.066543	66.376743	5359
6191.080585	68.718910	5360
6192.123575	67.608766	5361
6193.146754	68.232705	5362
6194.199745	66.974321	5363
6195.217963	68.226574	5364
6196.261287	66.950650	5365
6197.286738	67.124046	5366
6198.338853	67.296405	5367
6199.357938	68.639104	5368
6200.407312	67.119633	5369
6201.430216	67.953192	5370
6202.466200	67.267107	5371
6203.489184	67.882551	5372
6204.529891	66.446074	5373
6205.558664	67.676817	5374
6206.609671	66.140145	5375
6207.629001	67.525194	5376
6208.663792	66.199471	5377
6209.699440	67.893781	5378
6210.730607	65.089562	5379
6211.769064	66.875545	5380
6212.802491	64.972422	5381
6213.841061	66.609012	5382
6214.864052	65.185005	5383
6215.906131	67.139944	5384
6216.933677	64.820812	5385
6217.984939	66.402021	5386
6218.998692	64.986146	5387
6220.049756	66.937093	5388
6221.061609	65.792547	5389
6222.118311	66.286594	5390
6223.128156	65.301634	5391
6224.188357	65.618859	5392
6225.201425	65.101571	5393
6226.256114	66.272833	5394
6227.256252	65.030248	5395
6228.342175	64.021716	5396
6229.325774	65.168133	5397
6230.387910	65.168586	5398
6231.394492	65.697486	5399
6232.451685	65.855652	5400
6233.466123	65.183541	5401
6234.529146	65.331936	5402
6235.527304	65.286380	5403
6236.585337	65.316619	5404
6237.588067	65.394051	5405
6238.661120	65.958077	5406
6239.669638	66.242503	5407
6240.710358	66.077882	5408
6241.733073	64.619833	5409
6242.789865	64.884795	5410
6243.804126	64.014355	5411
6244.855866	65.355790	5412
6245.881168	62.237408	5413
6246.921339	64.293479	5414
6247.942559	62.591452	5415
6248.987601	65.006901	5416
6250.011715	62.705036	5417
6251.055840	65.103279	5418
6252.076571	62.133851	5419
6253.111551	64.693164	5420
6254.146224	62.108080	5421
6255.172195	64.667826	5422
6256.232395	62.997988	5423
6257.245482	64.150265	5424
6258.294108	62.466476	5425
6259.309078	63.474975	5426
6260.367234	62.414923	5427
6261.376504	63.897779	5428
6262.433769	63.007500	5429
6263.448229	63.315103	5430
6264.491901	61.610186	5431
6265.521474	62.874839	5432
6266.557360	62.565008	5433
6267.579852	63.413694	5434
6268.624936	62.242604	5435
6269.649163	63.212215	5436
6270.695636	61.867020	5437
6271.717118	62.632595	5438
6272.763305	62.315319	5439
6273.794262	63.070309	5440
6274.829097	61.722725	5441
6275.850101	62.406890	5442
6276.902979	61.252357	5443
6277.922539	62.754551	5444
6278.965233	60.781391	5445
6279.990298	62.253978	5446
6281.026442	60.881819	5447
6282.057397	62.506668	5448
6283.082653	60.947230	5449
6284.134715	62.486450	5450
6285.154182	60.637529	5451
6286.209415	63.120891	5452
6287.215806	60.419497	5453
6288.265927	61.126008	5454
6289.280626	60.583192	5455
6290.346920	61.699811	5456
6291.348609	59.722116	5457
6292.394138	60.649708	5458
6293.412137	60.204807	5459
6294.466577	61.233331	5460
6295.487599	60.884912	5461
6296.536226	60.748222	5462
6297.562027	60.565048	5463
6298.600124	60.957930	5464
6299.616476	59.934863	5465
6300.677128	61.068581	5466
6301.685191	60.487526	5467
6302.740079	61.414544	5468
6303.757550	59.927769	5469
6304.810904	60.600089	5470
6305.816988	61.058111	5471
6306.870868	60.073104	5472
6307.894192	58.986550	5473
6308.937188	60.295675	5474
6309.961637	59.351233	5475
6311.004927	60.768520	5476
6312.037546	58.341195	5477
6313.072794	60.617116	5478
6314.092632	58.402865	5479
6315.141433	60.123405	5480
6316.157472	58.717252	5481
6317.213943	60.165543	5482
6318.238950	58.299829	5483
6319.277519	60.170018	5484
6320.301797	58.090350	5485
6321.345029	60.417510	5486
6322.376779	57.890698	5487
6323.399512	60.190247	5488
6324.447714	58.503067	5489
6325.465085	59.431942	5490
6326.515897	58.239491	5491
6327.529970	59.396983	5492
6328.573819	57.649936	5493
6329.592827	59.060212	5494
6330.643540	58.231079	5495
6331.671844	59.088306	5496
6332.714705	58.322988	5497
6333.733893	58.847486	5498
6334.782836	57.745851	5499
6335.792176	59.540128	5500
6336.850704	57.770848	5501
6337.866550	58.769605	5502
6338.921384	57.777193	5503
6339.937766	58.863093	5504
6340.990936	56.903918	5505
6342.011055	58.692236	5506
6343.045566	57.698567	5507
6344.077353	57.802393	5508
6345.117837	57.240282	5509
6346.147232	57.720470	5510
6347.178195	56.326637	5511
6348.217320	58.747887	5512
6349.251024	56.769303	5513
6350.282445	57.608573	5514
6351.320982	56.680630	5515
6352.354276	57.741184	5516
6353.378854	56.205713	5517
6354.416698	57.285008	5518
6355.443247	56.548673	5519
6356.485444	57.140041	5520
6357.511337	55.897238	5521
6358.559736	57.438199	5522
6359.571497	56.554995	5523
6360.621306	56.448201	5524
6361.642065	55.811215	5525
6362.693582	56.661573	5526
6363.704809	55.943366	5527
6364.759714	57.120798	5528
6365.779115	56.406565	5529
6366.835874	56.943678	5530
6367.839896	55.531756	5531
6368.897551	56.527483	5532
6369.910317	55.914648	5533
6370.965298	56.341468	5534
6371.974979	55.966933	5535
6373.037452	56.585866	5536
6374.040276	54.258341	5537
6375.106077	55.794845	5538
6376.112529	55.397142	5539
6377.166317	56.014376	5540
6378.173328	54.868991	5541
6379.231583	55.731842	5542
6380.251886	54.778655	5543
6381.292813	55.847582	5544
6382.312066	53.931250	5545
6383.362707	55.707227	5546
6384.380685	54.338333	5547
6385.432641	56.113671	5548
6386.454394	53.986973	5549
6387.498644	55.580192	5550
6388.525618	53.923475	5551
6389.562613	55.768719	5552
6390.593244	54.217975	5553
6391.626506	55.970805	5554
6392.666018	54.455257	5555
6393.691914	55.177209	5556
6394.734302	54.002460	5557
6395.750344	54.462213	5558
6396.794027	53.684864	5559
6397.811287	54.328174	5560
6398.873223	52.827258	5561
6399.895362	54.811787	5562
6400.939741	53.634999	5563
6401.957315	53.855353	5564
6402.997926	53.489080	5565
6404.019876	54.720825	5566
6405.066455	52.658060	5567
6406.099213	53.609476	5568
6407.134055	52.967746	5569
6408.164443	54.591198	5570
6409.201276	53.594080	5571
6410.220433	54.092131	5572
6411.280945	52.714640	5573
6412.282942	53.241128	5574
6413.336294	53.208010	5575
6414.340580	54.630083	5576
6415.409093	52.477371	5577
6416.428006	54.170815	5578
6417.467577	52.332854	5579
6418.498736	52.743983	5580
6419.530637	52.602165	5581
6420.572646	53.460858	5582
6421.597278	51.791160	5583
6422.643836	53.213424	5584
6423.662508	51.999437	5585
6424.710907	52.955115	5586
6425.726064	52.270391	5587
6426.772238	52.919891	5588
6427.789704	51.512067	5589
6428.846086	52.456356	5590
6429.857012	51.382651	5591
6430.916835	52.121565	5592
6431.924738	51.679788	5593
6432.980980	52.913597	5594
6433.988645	51.801349	5595
6435.051811	52.822533	5596
6436.052825	51.667905	5597
6437.116585	52.354545	5598
6438.128492	51.560842	5599
6439.183869	52.235781	5600
6440.192956	50.577191	5601
6441.247956	51.657741	5602
6442.263652	51.004959	5603
6443.312605	51.818355	5604
6444.331360	51.281265	5605
6445.386093	51.701871	5606
6446.401525	50.538912	5607
6447.456916	51.301144	5608
6448.472132	50.460011	5609
6449.523289	52.244546	5610
6450.537907	50.402629	5611
6451.585133	51.448774	5612
6452.599999	50.587989	5613
6453.653857	52.455636	5614
6454.677149	49.602743	5615
6455.711103	51.254189	5616
6456.727146	50.702094	5617
6457.774025	51.918546	5618
6458.820733	49.101683	5619
6459.841224	51.697909	5620
6460.876328	50.162483	5621
6461.908559	50.523063	5622
6462.952104	49.646729	5623
6463.987415	51.465598	5624
6465.014211	50.077856	5625
6466.040834	50.755536	5626
6467.083060	50.169200	5627
6468.113076	50.734555	5628
6469.153361	49.637625	5629
6470.175498	50.617292	5630
6471.217723	49.521260	5631
6472.247559	50.153005	5632
6473.291326	49.396073	5633
6474.313472	50.204950	5634
6475.356341	49.639139	5635
6476.388684	49.506163	5636
6477.419751	49.089467	5637
6478.444419	49.282966	5638
6479.490735	48.324646	5639
6480.513378	50.360440	5640
6481.564484	49.160716	5641
6482.579838	49.607635	5642
6483.619309	49.131741	5643
6484.651145	49.389790	5644
6485.682710	47.276948	5645
6486.720001	48.727645	5646
6487.746226	48.472841	5647
6488.783835	49.647305	5648
6489.829229	48.956094	5649
6490.854713	47.933005	5650
6491.893955	49.361452	5651
6492.938900	49.523368	5652
6493.943732	47.535998	5653
6494.996913	49.690211	5654
6496.019021	47.622112	5655
6497.068147	48.974469	5656
6498.079776	48.431899	5657
6499.130188	49.022566	5658
6500.149533	47.283680	5659
6501.197063	48.658736	5660
6502.209760	48.487783	5661
6503.268517	48.660744	5662
6504.282510	48.160712	5663
6505.333443	48.770705	5664
6506.343460	47.741195	5665
6507.396835	48.326789	5666
6508.413568	47.253053	5667
6509.474189	47.444847	5668
6510.477622	47.515458	5669
6511.540022	48.197974	5670
6512.545135	47.179367	5671
6513.603262	48.638107	5672
6514.612120	46.496943	5673
6515.665847	47.860384	5674
6516.679747	46.333335	5675
6517.732652	47.944943	5676
6518.757974	47.114677	5677
6519.791220	46.557366	5678
6520.822966	46.644008	5679
6521.871189	47.184013	5680
6522.891150	46.703762	5681
6523.928277	47.584856	5682
6524.959261	46.447608	5683
6525.998058	47.186854	5684
6527.029934	46.870171	5685
6528.068502	47.798482	5686
6529.102928	46.482379	5687
6530.116547	46.744277	5688
6531.165707	43.735325	5689
6532.201005	47.039645	5690
6533.234558	45.969979	5691
6534.277652	45.584031	5692
6535.295398	44.915748	5693
6536.319867	47.580444	5694
6537.373654	46.003750	5695
6538.389864	46.802245	5696
6539.432138	45.865596	5697
