time (s)	theta (A)	maj axis/z0	min axis/z0	crossing#mod 255
5795.053629	347.022797	1.244580	0.167383	113
5797.124553	346.924683	1.241855	0.168394	115
5799.196730	346.765686	1.237535	0.169747	117
5801.269054	346.472900	1.237195	0.171478	119
5803.338971	346.526825	1.236543	0.172944	121
5805.405046	347.130524	1.239836	0.173371	123
5807.467963	348.087006	1.238714	0.173280	125
5809.531066	348.859131	1.234316	0.173761	127
5811.598920	349.139832	1.227780	0.174383	129
5813.671990	348.877686	1.223284	0.173944	131
5815.748188	348.309357	1.222081	0.173906	133
5817.822614	347.709747	1.220882	0.174680	135
5819.892355	347.635101	1.220779	0.175695	137
5821.958398	348.112091	1.224129	0.176661	139
5824.022970	348.772430	1.223317	0.177520	141
5826.088760	349.475037	1.220198	0.178148	143
5828.155771	349.934326	1.217081	0.178543	145
5830.223967	350.223114	1.214574	0.178670	147
5832.293132	350.304108	1.212384	0.178691	149
5834.362826	350.085205	1.210922	0.179586	151
5836.435594	349.474426	1.207953	0.179775	153
5838.508285	348.587158	1.201495	0.179344	155
5840.580687	347.756561	1.201113	0.179224	157
5842.650221	347.892151	1.204606	0.179249	159
5844.715748	349.134460	1.208875	0.178440	161
5846.778241	350.920898	1.208624	0.177746	163
5848.841272	352.335388	1.205145	0.177429	165
5850.907899	352.837036	1.200503	0.177549	167
5852.978335	352.445557	1.196719	0.179419	169
5855.051345	351.339996	1.194669	0.180204	171
5857.124461	350.330750	1.191667	0.180573	173
5859.196806	349.588104	1.192308	0.181566	175
5861.267491	349.237030	1.192204	0.182053	177
5863.337486	349.337921	1.190549	0.181732	179
5865.406516	349.493988	1.188267	0.180688	181
5867.475462	349.789093	1.185815	0.180022	183
5869.544438	350.005768	1.185285	0.180101	185
5871.612792	350.250244	1.183663	0.180124	187
5873.680828	350.600861	1.182485	0.180000	189
5875.747107	351.151947	1.182612	0.178980	191
5877.811909	351.858063	1.180850	0.178279	193
5879.875803	352.670166	1.180114	0.177698	195
5881.940225	353.332092	1.177552	0.177169	197
5884.006526	353.667816	1.174144	0.177246	199
5886.075958	353.656403	1.170357	0.176110	201
5888.148578	353.266174	1.167782	0.175699	203
5890.222513	352.687225	1.167081	0.175372	205
5892.295717	352.106995	1.166005	0.175611	207
5894.366330	351.740845	1.165120	0.176389	209
5896.434559	351.785583	1.165320	0.177030	211
5898.500950	352.101929	1.163213	0.176453	213
5900.567500	352.491791	1.163298	0.176382	215
5902.634619	352.781036	1.161122	0.176150	217
5904.702533	352.927338	1.159721	0.176534	219
5906.771681	352.851898	1.157613	0.175909	221
5908.841435	352.620117	1.154975	0.175755	223
5910.911999	352.312622	1.153645	0.175530	225
5912.982074	351.885590	1.153122	0.174919	227
5915.050768	352.052368	1.154481	0.173874	229
5917.116684	352.837189	1.155953	0.172368	231
5919.180344	354.067535	1.157037	0.170935	233
5921.243193	355.395386	1.155315	0.170588	235
5923.307178	356.391602	1.151317	0.170825	237
5925.376491	356.607971	1.146925	0.172651	239
5927.442188	356.669098	1.143755	0.170937	241
5929.512884	356.275238	1.140635	0.171433	243
5931.583874	355.683594	1.137834	0.171762	245
5933.654881	355.162537	1.135449	0.171809	247
5935.725613	354.760956	1.134908	0.172126	249
5937.795374	354.512848	1.134467	0.172375	251
5939.864550	354.446503	1.133075	0.172140	253
5941.932908	354.599213	1.131494	0.171532	255
5944.000634	354.824860	1.131765	0.171759	1
5946.067483	355.110443	1.130207	0.171521	3
5948.133878	355.603394	1.129624	0.171126	5
5950.199170	356.122498	1.130512	0.170946	7
5952.264196	356.623108	1.129629	0.170395	9
5954.330062	356.990723	1.125201	0.169487	11
5956.396157	357.298431	1.120448	0.168199	13
5958.463285	357.527557	1.119589	0.168038	15
5960.532439	357.568939	1.118107	0.167217	17
5962.603531	357.260437	1.110505	0.165183	19
5964.677374	356.759735	1.111462	0.164663	21
5966.749569	356.293640	1.111190	0.165389	23
5968.820579	355.842377	1.110595	0.166026	25
5970.889682	355.623169	1.110171	0.166793	27
5972.957558	355.652710	1.110090	0.167177	29
5975.024926	355.709137	1.108382	0.167184	31
5977.092674	355.864044	1.107198	0.166746	33
5979.160524	355.898193	1.104687	0.166743	35
5981.228886	355.888611	1.103615	0.166368	37
5983.297554	355.799866	1.102951	0.165514	39
5985.366016	355.769104	1.101338	0.165310	41
5987.434347	355.805054	1.101520	0.164477	43
5989.501555	356.093719	1.103751	0.163576	45
5991.567318	356.691467	1.106000	0.162743	47
5993.631989	357.659515	1.106898	0.161712	49
5995.694836	358.587311	1.104096	0.160863	51
5997.759221	359.424194	1.102044	0.160771	53
5999.824195	0.018608	1.100965	0.161237	55
6001.890700	0.222208	1.099949	0.161819	57
6003.958349	0.322580	1.096755	0.161686	59
6006.027407	0.155128	1.095080	0.161863	61
6008.096918	359.949738	1.092713	0.161745	63
6010.166371	359.721527	1.090729	0.161547	65
6012.235346	359.530731	1.090227	0.161746	67
6014.304234	359.441833	1.088847	0.161656	69
6016.372092	359.524170	1.087710	0.161255	71
6018.439595	359.554749	1.087410	0.160868	73
6020.506661	359.800964	1.087772	0.160770	75
6022.573061	0.079706	1.085813	0.160610	77
6024.639417	0.382909	1.082168	0.160199	79
6026.705644	0.639132	1.080206	0.159549	81
6028.772198	0.846025	1.077840	0.158902	83
6030.839808	0.946641	1.073620	0.157747	85
6032.908734	0.883736	1.071042	0.156525	87
6034.978716	0.706071	1.068855	0.155806	89
6037.050085	0.378659	1.069423	0.155274	91
6039.121816	0.012994	1.068198	0.155355	93
6041.193417	359.598206	1.069035	0.155818	95
6043.263595	359.278748	1.068468	0.156594	97
6045.333355	359.016357	1.068525	0.156248	99
6047.401167	358.923859	1.064272	0.156633	101
6049.469069	358.978424	1.064236	0.156646	103
6051.536704	359.005066	1.063221	0.156784	105
6053.604633	358.977753	1.062245	0.156376	107
6055.672408	359.069885	1.060482	0.155570	109
6057.741046	358.924316	1.058320	0.155509	111
6059.808509	359.066254	1.057703	0.154084	113
6061.875527	359.317322	1.057100	0.153068	115
6063.942272	359.672943	1.058627	0.152396	117
6066.006776	0.358270	1.058504	0.150953	119
6068.070529	1.144612	1.057894	0.149975	121
6070.134563	1.873039	1.056411	0.149475	123
6072.198823	2.565344	1.053746	0.149120	125
6074.264939	2.916363	1.050415	0.148697	127
6076.330713	3.237388	1.048123	0.148783	129
6078.397655	3.500510	1.046785	0.149735	131
6080.465280	3.408468	1.044546	0.149231	133
6082.533659	3.304566	1.041616	0.148752	135
6084.601732	3.298268	1.040442	0.148725	137
6086.669999	3.235643	1.040628	0.148509	139
6088.737888	3.186734	1.039375	0.148388	141
6090.805522	3.318766	1.038160	0.148418	143
6092.872721	3.363300	1.038293	0.148325	145
6094.939942	3.507982	1.037543	0.147886	147
6097.006817	3.589534	1.036875	0.147767	149
6099.073423	3.722439	1.034462	0.146868	151
6101.140970	3.752196	1.032128	0.146018	153
6103.208972	3.779833	1.029753	0.144926	155
6105.278203	3.658107	1.028768	0.144431	157
6107.348210	3.479335	1.027892	0.143398	159
6109.419018	3.200405	1.027822	0.142923	161
6111.490156	2.837157	1.027988	0.142657	163
6113.561250	2.546896	1.027417	0.143185	165
6115.631186	2.269751	1.026726	0.143158	167
6117.700782	2.079788	1.024686	0.143158	169
6119.769260	1.949100	1.022559	0.143209	171
6121.837482	1.868899	1.021756	0.143330	173
6123.905502	1.834519	1.020877	0.143268	175
6125.973032	1.820298	1.021515	0.143278	177
6128.040570	1.836972	1.020166	0.142823	179
6130.108304	1.938075	1.019563	0.142055	181
6132.175408	2.038712	1.019535	0.141279	183
6134.242240	2.230449	1.018674	0.140135	185
6136.308315	2.558580	1.018159	0.139255	187
6138.373584	3.006828	1.017009	0.137897	189
6140.438346	3.626495	1.017605	0.137382	191
6142.502580	4.180524	1.017087	0.136820	193
6144.567314	4.725829	1.015914	0.136444	195
6146.631887	5.207754	1.013949	0.136368	197
6148.697413	5.493586	1.011870	0.136420	199
6150.763870	5.731800	1.008853	0.136094	201
6152.830577	5.824485	1.005992	0.135739	203
6154.898128	5.864600	1.003841	0.135556	205
6156.965461	5.908221	1.002066	0.135160	207
6159.033264	5.872722	1.000491	0.134820	209
6161.100876	5.917340	0.999126	0.134315	211
6163.168202	5.937850	0.997751	0.134150	213
6165.235677	5.990030	0.997670	0.133835	215
6167.302876	6.018088	0.996391	0.133216	217
6169.370395	6.029760	0.995333	0.132925	219
6171.438125	6.051892	0.994728	0.132320	221
6173.506147	6.042546	0.993571	0.131669	223
6175.575090	5.905910	0.992823	0.131161	225
6177.644866	5.783531	0.991109	0.130488	227
6179.714791	5.546448	0.989279	0.129679	229
6181.785442	5.335284	0.988784	0.129162	231
6183.855998	5.030071	0.988803	0.128925	233
6185.926079	4.824336	0.988193	0.129185	235
6187.995706	4.601536	0.986287	0.129000	237
6190.064660	4.489654	0.984309	0.128883	239
6192.132744	4.314359	0.983752	0.129177	241
6194.200957	4.292340	0.982176	0.129008	243
6196.268533	4.286769	0.982315	0.128827	245
6198.336248	4.342122	0.981025	0.128363	247
6200.403567	4.390624	0.980482	0.127906	249
6202.470567	4.467030	0.979104	0.127082	251
6204.537158	4.644828	0.978885	0.126591	253
6206.603501	4.919660	0.978010	0.125603	255
6208.668764	5.303657	0.977836	0.124900	1
6210.733830	5.737761	0.976874	0.124208	3
6212.798546	6.195755	0.975260	0.123455	5
6214.863110	6.663836	0.973727	0.122954	7
6216.928024	7.075316	0.972158	0.122510	9
6218.993536	7.424220	0.970389	0.122688	11
6221.059121	7.629261	0.968108	0.122583	13
6223.125629	7.838930	0.966301	0.122519	15
6225.192432	7.866197	0.964354	0.122483	17
6227.259455	8.015153	0.962789	0.122274	19
6229.326673	7.986884	0.962441	0.122537	21
6231.393982	7.987925	0.962178	0.122212	23
6233.461503	8.027880	0.961003	0.122113	25
6235.529598	7.912902	0.958372	0.121855	27
6237.596317	7.969312	0.958151	0.120859	29
6239.665058	7.914927	0.958947	0.120833	31
6241.732194	7.962336	0.957087	0.120143	33
6243.800775	7.893764	0.955074	0.119569	35
6245.870040	7.801428	0.954181	0.118932	37
6247.939529	7.660055	0.952884	0.118321	39
6250.009510	7.497385	0.952129	0.117964	41
6252.079535	7.292493	0.950529	0.117577	43
6254.149448	7.078263	0.949242	0.117361	45
6256.219439	6.900762	0.948704	0.117271	47
6258.288502	6.767696	0.947345	0.117114	49
6260.357241	6.615644	0.945845	0.117107	51
6262.425442	6.545135	0.944967	0.117063	53
6264.493100	6.537112	0.943875	0.116861	55
6266.560592	6.509505	0.943258	0.116969	57
6268.628075	6.560356	0.944306	0.116633	59
6270.695151	6.585333	0.943039	0.116196	61
6272.761974	6.769855	0.941754	0.115655	63
6274.828406	6.938109	0.941494	0.114755	65
6276.894291	7.209120	0.940913	0.114159	67
6278.959780	7.519681	0.940751	0.113395	69
6281.024642	7.896641	0.939039	0.112629	71
6283.089347	8.268671	0.938310	0.112026	73
6285.154382	8.635507	0.936448	0.111363	75
6287.219318	8.966230	0.935837	0.111256	77
6289.284791	9.184429	0.934086	0.111117	79
6291.350643	9.370738	0.932077	0.110724	81
6293.417017	9.489504	0.930298	0.110386	83
6295.483783	9.564406	0.928735	0.110209	85
6297.550771	9.590606	0.927132	0.109938	87
6299.617776	9.660726	0.925502	0.109426	89
6301.685132	9.655815	0.924179	0.108928	91
6303.752595	9.660098	0.922680	0.108478	93
6305.819996	9.680972	0.922538	0.108073	95
6307.888144	9.607355	0.920647	0.107494	97
6309.956135	9.599838	0.920094	0.106979	99
6312.024710	9.544846	0.919561	0.106591	101
6314.093319	9.436770	0.918349	0.105814	103
6316.162714	9.337272	0.917708	0.105295	105
6318.232485	9.188746	0.916822	0.104956	107
6320.302140	9.034752	0.915887	0.104472	109
6322.372024	8.876617	0.914477	0.104136	111
6324.441489	8.703701	0.913891	0.103881	113
6326.510732	8.593817	0.912377	0.103449	115
6328.579100	8.482305	0.912893	0.103601	117
6330.647444	8.398073	0.911850	0.103442	119
6332.715412	8.357986	0.911390	0.103151	121
6334.783248	8.301660	0.910052	0.102654	123
6336.850389	8.325073	0.909167	0.102303	125
6338.917691	8.439470	0.909288	0.101870	127
6340.984407	8.523490	0.908944	0.101523	129
6343.050435	8.628090	0.907898	0.100460	131
6345.116389	8.881482	0.907337	0.100240	133
6347.182012	9.107915	0.906474	0.099351	135
6349.247158	9.406022	0.904276	0.098233	137
6351.312284	9.707854	0.901762	0.097665	139
6353.376978	9.990786	0.899609	0.096947	141
6355.442139	10.246497	0.898059	0.096499	143
6357.507545	10.508574	0.896428	0.096150	145
6359.573013	10.703605	0.895810	0.096048	147
6361.639252	10.763919	0.894099	0.095896	149
6363.705654	10.891948	0.892664	0.095737	151
6365.772492	10.936606	0.891357	0.095424	153
6367.839404	10.982701	0.889577	0.094940	155
6369.906602	10.979633	0.888005	0.094513	157
6371.973892	10.983184	0.886566	0.093962	159
6374.041371	10.995249	0.886156	0.093456	161
6376.109190	10.959733	0.885241	0.093264	163
6378.177120	10.903249	0.883705	0.092625	165
6380.245790	10.846691	0.883222	0.092064	167
6382.314344	10.757694	0.882657	0.091642	169
6384.383373	10.676012	0.881536	0.091217	171
6386.452962	10.571620	0.881460	0.090484	173
6388.522467	10.408517	0.879849	0.090054	175
6390.591852	10.313323	0.878550	0.089608	177
6392.661338	10.238447	0.878013	0.089328	179
6394.730459	10.102762	0.878091	0.089317	181
6396.798860	10.005809	0.877534	0.088997	183
6398.867406	9.949101	0.876770	0.088890	185
6400.935399	9.900189	0.875760	0.088599	187
6403.002783	9.871853	0.874207	0.088164	189
6405.070170	9.870336	0.873778	0.087866	191
6407.137175	9.951321	0.872565	0.087247	193
6409.203930	10.007418	0.872633	0.086846	195
6411.270630	10.104507	0.872312	0.085970	197
6413.336416	10.270315	0.870703	0.085745	199
6415.402157	10.485396	0.870056	0.085322	201
6417.467401	10.649375	0.869336	0.084324	203
6419.532435	10.932854	0.867357	0.083723	205
6421.597629	11.220490	0.866528	0.083299	207
6423.662833	11.385184	0.864983	0.083020	209
6425.728041	11.572093	0.863670	0.082476	211
6427.793747	11.734113	0.862159	0.082228	213
6429.859753	11.850551	0.861071	0.082043	215
6431.925871	11.938792	0.859490	0.081579	217
6433.992588	11.989066	0.857806	0.081451	219
6436.059307	12.025485	0.856866	0.081136	221
6438.126503	12.080310	0.855648	0.080721	223
6440.193917	12.037734	0.855166	0.080544	225
6442.261397	12.031910	0.853781	0.079951	227
6444.329275	12.023922	0.852346	0.079501	229
6446.397338	12.024141	0.852393	0.079227	231
6448.465765	11.940725	0.851200	0.078896	233
6450.534478	11.899495	0.850411	0.078241	235
6452.603197	11.891175	0.850575	0.077765	237
6454.672606	11.717853	0.850558	0.077482	239
6456.741500	11.606370	0.849072	0.077146	241
6458.811352	11.515830	0.847795	0.076326	243
6460.880231	11.475909	0.846781	0.076199	245
6462.949185	11.366299	0.845831	0.076179	247
6465.017640	11.312734	0.846076	0.076035	249
6467.085812	11.217966	0.844511	0.075576	251
6469.153713	11.176840	0.841829	0.074940	253
6471.221267	11.224351	0.840093	0.074490	255
6473.288680	11.189352	0.839676	0.074096	1
6475.355618	11.260381	0.839647	0.073880	3
6477.422277	11.293068	0.839367	0.073494	5
6479.488703	11.375149	0.837886	0.072793	7
6481.554873	11.515912	0.837773	0.072446	9
6483.620354	11.641500	0.836866	0.071638	11
6485.685707	11.863046	0.836612	0.071127	13
6487.751034	12.004515	0.834947	0.070901	15
6489.816877	12.206893	0.834851	0.070436	17
6491.882022	12.381521	0.833766	0.070101	19
6493.947053	12.508599	0.832480	0.069778	21
6496.013030	12.628929	0.831007	0.069379	23
6498.078811	12.741001	0.829764	0.068924	25
6500.145211	12.794831	0.828412	0.068767	27
6502.211723	12.861384	0.827141	0.068475	29
6504.278587	12.876244	0.826832	0.068395	31
6506.345363	12.916577	0.826163	0.067835	33
6508.412727	12.914677	0.825982	0.067691	35
6510.480241	12.839467	0.825330	0.067202	37
6512.547872	12.791862	0.823172	0.067021	39
6514.615850	12.785888	0.821792	0.065990	41
6516.684294	12.758701	0.820202	0.065634	43
6518.753213	12.722769	0.819079	0.065367	45
6520.821914	12.669471	0.818522	0.064533	47
6522.890809	12.608385	0.819070	0.064183	49
6524.960017	12.498002	0.817431	0.064021	51
6527.029048	12.473563	0.816483	0.063308	53
6529.097843	12.413157	0.815428	0.063301	55
6531.166295	12.312523	0.814218	0.063470	57
6533.234970	12.301283	0.813681	0.062884	59
6535.302745	12.271913	0.811929	0.062032	61
6537.371089	12.200887	0.810707	0.062091	63
6539.438254	12.205889	0.810187	0.061600	65
