time (s)	theta (A)	maj axis/z0	min axis/z0	crossing#mod 255
4434.042156	348.765137	1.240813	-0.120429	139
4436.112924	349.162323	1.239897	-0.118827	141
4438.186056	350.041473	1.239031	-0.117625	143
4440.260099	351.048431	1.236961	-0.116738	145
4442.333702	351.604828	1.235841	-0.117970	147
4444.405021	351.682098	1.235283	-0.118837	149
4446.474391	351.267395	1.235109	-0.119223	151
4448.542444	350.741547	1.234471	-0.118330	153
4450.610309	350.202148	1.231928	-0.117088	155
4452.678924	349.960236	1.229288	-0.115445	157
4454.748298	349.835419	1.227325	-0.114389	159
4456.818554	349.773987	1.224746	-0.113252	161
4458.889897	349.780945	1.222726	-0.111859	163
4460.961255	349.760284	1.220448	-0.110215	165
4463.031312	349.705719	1.220850	-0.108286	167
4465.098942	349.520111	1.224351	-0.106581	169
4467.164233	349.288513	1.227914	-0.104598	171
4469.228425	348.774048	1.227827	-0.103872	173
4471.293070	348.313446	1.223525	-0.103478	175
4473.359399	347.954041	1.219107	-0.103358	177
4475.427423	347.739899	1.215445	-0.103055	179
4477.497196	347.747284	1.212800	-0.102176	181
4479.568067	347.806824	1.209769	-0.100937	183
4481.639195	347.921936	1.208189	-0.099801	185
4483.710238	348.124237	1.207427	-0.098252	187
4485.781064	348.157684	1.205537	-0.095929	189
4487.850712	348.223785	1.203713	-0.094871	191
4489.920220	348.214508	1.201378	-0.092939	193
4491.988992	348.194336	1.200788	-0.091475	195
4494.057371	348.021210	1.201515	-0.090199	197
4496.124778	347.807983	1.200642	-0.089099	199
4498.191818	347.494446	1.200602	-0.087847	201
4500.257998	347.136169	1.200352	-0.086371	203
4502.324339	346.671906	1.199306	-0.085009	205
4504.390637	346.265747	1.195761	-0.083121	207
4506.457718	346.003876	1.192102	-0.081236	209
4508.525979	346.088959	1.188985	-0.079021	211
4510.595912	346.321564	1.187377	-0.077197	213
4512.667616	346.876221	1.186787	-0.075304	215
4514.740149	347.474487	1.185753	-0.073965	217
4516.812596	347.942230	1.184207	-0.073028	219
4518.883968	348.136017	1.182216	-0.072342	221
4520.954260	348.113312	1.181317	-0.071804	223
4523.023233	347.870697	1.179648	-0.070781	225
4525.091486	347.621307	1.178898	-0.069562	227
4527.159734	347.403748	1.177057	-0.067663	229
4529.228215	347.200836	1.174162	-0.065803	231
4531.297273	347.093628	1.173569	-0.064265	233
4533.366349	347.027649	1.172271	-0.062414	235
4535.435644	346.837372	1.170331	-0.060442	237
4537.504074	346.781952	1.170941	-0.058537	239
4539.571190	346.785370	1.172868	-0.056001	241
4541.636832	346.701935	1.175758	-0.054410	243
4543.701526	346.516876	1.175425	-0.053025	245
4545.765833	346.354431	1.169586	-0.051774	247
4547.830877	346.229004	1.165991	-0.051085	249
4549.897020	346.063965	1.161864	-0.050491	251
4551.964558	345.960083	1.159823	-0.049619	253
4554.033037	345.904083	1.159263	-0.048637	255
4556.101931	345.789795	1.159067	-0.047692	1
4558.171588	345.789520	1.156957	-0.045883	3
4560.240993	345.788940	1.154531	-0.044257	5
4562.310358	345.733093	1.153636	-0.042658	7
4564.379009	345.742462	1.152318	-0.041358	9
4566.447087	345.664185	1.151964	-0.039916	11
4568.514738	345.571136	1.150519	-0.038397	13
4570.581779	345.435944	1.149372	-0.037217	15
4572.648665	345.372284	1.147917	-0.035696	17
4574.715335	345.184143	1.144973	-0.034325	19
4576.782120	345.039795	1.143461	-0.032994	21
4578.849272	345.014679	1.140497	-0.031347	23
4580.917288	345.036713	1.139192	-0.030043	25
4582.986595	345.171844	1.137113	-0.027985	27
4585.057020	345.422821	1.136730	-0.026383	29
4587.128416	345.709229	1.135785	-0.024948	31
4589.199941	346.024658	1.135787	-0.023465	33
4591.271233	346.060089	1.135825	-0.022908	35
4593.341720	346.081390	1.133413	-0.022061	37
4595.411315	346.033630	1.130491	-0.020919	39
4597.480164	345.888458	1.129523	-0.019877	41
4599.548503	345.751953	1.127568	-0.018570	43
4601.616683	345.612427	1.125746	-0.016809	45
4603.685007	345.494385	1.124559	-0.015489	47
4605.753180	345.372253	1.123436	-0.013974	49
4607.821341	345.306488	1.122371	-0.012461	51
4609.888849	345.277130	1.122998	-0.010879	53
4611.955622	345.294220	1.123224	-0.009595	55
4614.021397	345.373718	1.123151	-0.008031	57
4616.086408	345.486633	1.122274	-0.006663	59
4618.150943	345.570221	1.120791	-0.005616	61
4620.215698	345.637939	1.119154	-0.004920	63
4622.281222	345.604248	1.116666	-0.003824	65
4624.347532	345.623627	1.115488	-0.002978	67
4626.414770	345.506927	1.113303	-0.001866	69
4628.482532	345.389832	1.111584	-0.000816	71
4630.550847	345.324402	1.108796	0.000420	73
4632.619130	345.308838	1.106096	0.001515	75
4634.687645	345.237030	1.104842	0.002869	77
4636.755685	345.183777	1.104051	0.003939	79
4638.823706	345.131592	1.101834	0.005244	81
4640.891147	345.133118	1.100307	0.006514	83
4642.958474	345.088379	1.098688	0.007610	85
4645.025611	345.032471	1.096159	0.008834	87
4647.092704	345.093384	1.095383	0.009989	89
4649.160188	345.042786	1.095078	0.010872	91
4651.227712	345.088654	1.094169	0.012125	93
4653.296452	345.072906	1.092843	0.013251	95
4655.365656	345.204315	1.089856	0.014014	97
4657.435725	345.330475	1.088685	0.014941	99
4659.506381	345.392731	1.088658	0.015760	101
4661.577111	345.428741	1.087477	0.016660	103
4663.647903	73.390335	0.023392	0.500000	105
4666.741418	165.223145	1.121120	0.018798	107
4668.808252	165.181000	1.085830	0.020303	109
4670.875560	165.209946	1.084924	0.021678	111
4672.943229	165.287979	1.084296	0.023176	113
4675.011177	165.433655	1.082375	0.024259	115
4677.079063	165.474304	1.079565	0.025439	117
4679.147393	165.598984	1.076539	0.026174	119
4681.216177	165.630203	1.074684	0.026997	121
4683.285301	165.660156	1.073415	0.027757	123
4685.355137	165.617157	1.072578	0.028642	125
4687.425425	165.493027	1.070046	0.029397	127
4689.496062	165.339722	1.068167	0.030034	129
4691.566632	165.036179	1.067440	0.030921	131
4693.636858	164.793167	1.066330	0.032136	133
4695.706355	164.621353	1.065803	0.033114	135
4697.775336	164.545258	1.065398	0.034521	137
4699.843508	164.465347	1.063132	0.035948	139
4701.911122	164.478851	1.061859	0.037213	141
4703.978749	164.514786	1.060230	0.038572	143
4706.046008	164.513412	1.058992	0.039427	145
4708.113571	164.596542	1.059108	0.040450	147
4710.181057	164.621735	1.057112	0.041482	149
4712.248738	164.718781	1.056271	0.042531	151
4714.316974	164.791336	1.053390	0.042754	153
4716.384362	164.830826	1.050908	0.044145	155
4718.452056	164.821136	1.048110	0.044878	157
4720.519309	164.930801	1.046113	0.044934	159
4722.585989	164.974564	1.047218	0.045476	161
4724.652211	165.099472	1.048046	0.046213	163
4726.717690	165.244492	1.049323	0.046713	165
4728.783020	165.369827	1.048373	0.047185	167
4730.847976	165.434677	1.049441	0.047919	169
4732.912859	165.604996	1.048163	0.048852	171
4734.978427	165.682816	1.045733	0.049778	173
4737.044387	165.744980	1.042716	0.050762	175
4739.111116	165.763412	1.042117	0.051988	177
4741.177824	165.859421	1.041822	0.053109	179
4743.245110	165.854004	1.040373	0.054258	181
4745.312869	166.054184	1.040129	0.054418	183
4747.380922	166.077957	1.037723	0.055741	185
4749.448882	166.155655	1.036453	0.056478	187
4751.517521	166.152084	1.035778	0.057039	189
4753.586640	166.136414	1.034693	0.057712	191
4755.656128	166.073944	1.032082	0.058308	193
4757.725748	165.843857	1.029598	0.058770	195
4759.796232	165.644241	1.028564	0.059360	197
4761.866280	165.352722	1.027178	0.060597	199
4763.936342	165.101364	1.025599	0.061602	201
4766.005510	164.952484	1.024313	0.062672	203
4768.074371	164.850616	1.022321	0.063598	205
4770.142658	164.733200	1.020482	0.064622	207
4772.210574	164.720718	1.019902	0.065853	209
4774.277994	164.780945	1.016910	0.066257	211
4776.345533	164.804840	1.015671	0.066819	213
4778.413271	164.863693	1.014538	0.067290	215
4780.480805	164.910553	1.013202	0.068313	217
4782.548023	164.974609	1.012455	0.068833	219
4784.615682	165.054916	1.011366	0.069454	221
4786.682886	165.145065	1.009866	0.070112	223
4788.750054	165.239960	1.008417	0.070394	225
4790.816719	165.338791	1.007639	0.070797	227
4792.882776	165.460327	1.007310	0.071131	229
4794.948612	165.632736	1.009138	0.072337	231
4797.013722	165.923813	1.010151	0.072663	233
4799.079170	165.997177	1.008289	0.072637	235
4801.144345	166.193787	1.006758	0.073145	237
4803.209544	166.383148	1.005517	0.073971	239
4805.275321	166.522751	1.004725	0.075004	241
4807.341558	166.633575	1.004742	0.075802	243
4809.408084	166.763901	1.003819	0.076898	245
4811.475275	166.834213	1.002777	0.077847	247
4813.542417	166.970139	1.000251	0.078218	249
4815.610184	167.046982	0.997654	0.078697	251
4817.678227	167.053116	0.994790	0.079084	253
4819.746730	167.060638	0.993538	0.079807	255
4821.815662	166.946320	0.991598	0.080152	1
4823.884992	166.842499	0.991712	0.080905	3
4825.954390	166.713211	0.989433	0.081272	5
4828.024073	166.485992	0.985667	0.081893	7
4830.093868	166.226898	0.984363	0.082728	9
4832.163148	166.029526	0.983733	0.083570	11
4834.232491	165.805756	0.981866	0.084663	13
4836.301348	165.703094	0.979631	0.085441	15
4838.369817	165.572495	0.977900	0.086337	17
4840.437810	165.535645	0.977160	0.087599	19
4842.505621	165.585037	0.976851	0.088412	21
4844.573257	165.623947	0.975646	0.088664	23
4846.640550	165.641403	0.975188	0.089604	25
4848.707986	165.742691	0.972611	0.089849	27
4850.775333	165.774902	0.971358	0.090351	29
4852.842362	165.896805	0.971099	0.091116	31
4854.909678	165.940720	0.971291	0.091571	33
4856.976548	166.099884	0.971229	0.091993	35
4859.042976	166.286636	0.970096	0.091942	37
4861.109136	166.385773	0.969010	0.092229	39
4863.174909	166.657684	0.969702	0.092413	41
4865.240275	166.839874	0.970171	0.092730	43
4867.305569	167.096771	0.969870	0.092988	45
4869.370825	167.332230	0.967763	0.093248	47
4871.436176	167.517319	0.966691	0.093938	49
4873.501789	167.732574	0.964744	0.094146	51
4875.568249	167.852310	0.962085	0.094505	53
4877.634720	167.953369	0.961049	0.095035	55
4879.701586	168.116196	0.960751	0.095920	57
4881.768539	168.172043	0.959448	0.096577	59
4883.836218	168.268890	0.957061	0.097138	61
4885.903943	168.323608	0.954349	0.097149	63
4887.972561	168.263535	0.951971	0.097247	65
4890.041034	168.148193	0.950784	0.097550	67
4892.110500	168.038376	0.949652	0.098297	69
4894.179450	167.913177	0.948798	0.098738	71
4896.248894	167.728256	0.948510	0.099218	73
4898.318440	167.462479	0.947457	0.100641	75
4900.387601	167.263062	0.947199	0.101586	77
4902.456851	167.115799	0.944678	0.101775	79
4904.525782	166.959579	0.942354	0.102045	81
4906.594062	166.807449	0.940569	0.103522	83
4908.662081	166.737488	0.939461	0.103988	85
4910.730038	166.724930	0.939261	0.105225	87
4912.797679	166.804535	0.937937	0.105243	89
4914.864866	166.876343	0.936358	0.105799	91
4916.932527	166.892288	0.936180	0.106756	93
4918.999661	167.001373	0.934920	0.106748	95
4921.066527	167.114761	0.933366	0.106717	97
4923.133369	167.262833	0.931941	0.107006	99
4925.200168	167.392441	0.931373	0.107269	101
4927.266597	167.566483	0.930638	0.107176	103
4929.332799	167.749741	0.930788	0.107517	105
4931.398221	167.943237	0.930454	0.107797	107
4933.463970	168.184937	0.931676	0.108141	109
4935.529256	168.466400	0.930771	0.108260	111
4937.594642	168.671326	0.929987	0.108427	113
4939.660174	168.829056	0.929244	0.108755	115
4941.726041	169.073395	0.928004	0.109409	117
4943.792373	169.253860	0.925402	0.109565	119
4945.858705	169.434204	0.924141	0.109740	121
4947.925788	169.536621	0.922668	0.110515	123
4949.992485	169.643600	0.920387	0.110615	125
4952.059887	169.661697	0.918620	0.110930	127
4954.128223	169.649948	0.917521	0.111144	129
4956.196371	169.641647	0.917195	0.111622	131
4958.264885	169.585220	0.916221	0.112033	133
4960.334036	169.450851	0.914774	0.112642	135
4962.403075	169.298004	0.913516	0.112953	137
4964.472205	169.118607	0.911322	0.113241	139
4966.541456	168.865082	0.909987	0.113845	141
4968.610716	168.692688	0.908355	0.114472	143
4970.679322	168.534790	0.905659	0.114936	145
4972.747920	168.404099	0.903755	0.115541	147
4974.816425	168.314499	0.902721	0.116036	149
4976.884151	168.269897	0.902732	0.117080	151
4978.952148	168.281067	0.902152	0.117572	153
4981.019548	168.345779	0.900823	0.118168	155
4983.087051	168.377121	0.899641	0.118375	157
4985.154328	168.454529	0.898917	0.118738	159
4987.221308	168.556534	0.897569	0.119024	161
4989.288148	168.693222	0.896254	0.118980	163
4991.354925	168.816696	0.895030	0.118811	165
4993.421560	168.968216	0.893870	0.118760	167
4995.487481	169.218552	0.893470	0.118457	169
4997.553317	169.375931	0.892626	0.118610	171
4999.618962	169.627151	0.893064	0.118602	173
5001.684458	169.910461	0.891757	0.118487	175
5003.749832	170.125717	0.891021	0.118680	177
5005.815476	170.315155	0.890625	0.118989	179
5007.881163	170.545364	0.889910	0.119126	181
5009.946988	170.738129	0.888342	0.119525	183
